realCones:
[ 2.11525131 -3.11529459]
[-1.8768249   1.91863866]
[3.77075021 0.10265768]
linearOffset & rotationalOffset: [ 0.30189901 -0.55307528] 4.338449652825629 deg
shiftedCones:
[ 2.34485573 -2.94635369]
[-2.016588    1.77116312]
[3.75217963 0.38761284]
shiftedCones:
[ 2.64675474 -3.49942897]
[-1.71468899  1.21808784]
[ 4.05407865 -0.16546244]
sensorNoiseList:
[-0.01156297 -0.01686337]
[ 0.00276439 -0.00821138]
[ 0.00165878 -0.0019138 ]
shiftedCones:
[ 2.63519178 -3.51629235]
[-1.71192459  1.20987646]
[ 4.05573743 -0.16737625]
multilat: 


axis: 0 [0.68387276 0.        ]
axis: 1 [ 0.68387276 -0.29577957]
axis: 0 [-0.98369806  0.        ]
axis: 1 [-0.98369806  0.02211254]
altLinOff: [-0.98369806  0.02211254] [ 0.98369806 -0.02211254] [ 0.30189901 -0.55307528]


 multilat done
sumOfErrors: 0.5435147487059742
calculated Linear Offset: [ 0.68387276 -0.29577957] [ 0.30189901 -0.55307528]
unshiftedConesOnlyLinear:
[ 1.95131902 -3.22051278]
[-2.39579735  1.50565603]
[3.37186468 0.12840332]
calculated Rot.Offset: 3.703249319385151 7.061839099702638
unshiftedCones:
[ 1.7392352  -3.33982176]
[-2.29354615  1.65725407]
[ 3.37311751 -0.08964982]